V,0,98,65,72,79,86,0.5
S,0,88,65,72,79,86,93,100,0.5
R,90,888,65,72,79,86,93,100,0.5
M,90,188,18,24,30,369,492,398,594,60,66,72,78,84,90,96,0.5
A,90,59,65,72,79,86,93,100,0.5
N,90,598,65,72,799,86,93,100,0.5
B,90,196,22,298,34,40,46,52,58,694,70,76,82,88,94,100,0.5
E,90,598,65,72,79,86,93,100,0.5
D,90,169,292,28,34,40,46,52,58,64,70,76,82,88,94,100,0.5
T,90,16,22,28,34,40,46,52,58,64,70,976,82,88,94,100,0.5
I,0,16,22,28,34,40,496,592,589,64,70,76,82,88,94,1900,0.5
G,90,16,22,28,34,40,46,592,58,649,709,769,8992,898,94,100,0.5
